([115,
  69,
  32,
  96,
  53,
  142,
  130,
  141,
  148,
  140,
  188,
  174,
  51,
  70,
  91,
  156,
  3,
  78,
  67,
  126,
  158,
  162,
  150,
  117,
  196,
  44,
  71,
  119,
  59,
  114,
  72,
  85,
  166,
  28,
  171,
  58,
  129,
  89,
  64,
  159,
  147,
  181,
  170,
  189,
  47,
  109,
  12,
  52,
  132,
  18,
  185,
  73,
  61,
  136,
  79,
  145,
  157,
  80,
  153,
  4,
  55,
  88,
  137,
  146,
  99,
  57,
  0,
  198,
  135,
  66,
  26,
  92,
  122,
  143,
  179,
  121,
  127,
  24,
  50,
  152,
  131,
  103,
  38,
  42,
  101,
  31,
  197,
  183,
  34,
  5,
  167,
  2,
  182,
  163,
  172,
  16,
  14,
  8,
  63,
  82],
 46549.0)